ball_x_mean: 0.6962087468580481
ball_x_std: 29.47774850568973
ball_y_mean: 0.5742521005591733
ball_y_std: 21.29698509743864
